version https://git-lfs.github.com/spec/v1
oid sha256:853b95784009a7ac2a7fe2f39bacf8df9322cec3f82d4bc2611d2c0fc180af6d
size 12904548
